0
0
0
0
0
0
0
0
0
0
0
0
0
0
0
0
0
0
0
0
1
1
2
2
3
3
4
4
5
5
499996
499996
499997
499997
499998
499998
499999
499999
500000
500000
1
3
3
4
6
6
7
9
9
10
999991
999993
999993
999994
999996
999996
999997
999999
999999
1000000
1
3
6
6
7
9
12
12
13
15
1499988
1499988
1499989
1499991
1499994
1499994
1499995
1499997
1500000
1500000
1
3
6
10
10
11
13
16
20
20
1999981
1999983
1999986
1999990
1999990
1999991
1999993
1999996
2000000
2000000
1
3
6
10
15
15
16
18
21
25
2499976
2499978
2499981
2499985
2499990
2499990
2499991
2499993
2499996
2500000
1
3
6
10
15
21
21
22
24
27
2999976
2999976
2999977
2999979
2999982
2999986
2999991
2999997
2999997
2999998
1
3
6
10
15
21
28
28
29
31
3499972
3499972
3499973
3499975
3499978
3499982
3499987
3499993
3500000
3500000
1
3
6
10
15
21
28
36
36
37
3999961
3999963
3999966
3999970
3999975
3999981
3999988
3999996
3999996
3999997
1
3
6
10
15
21
28
36
45
45
4499956
4499958
4499961
4499965
4499970
4499976
4499983
4499991
4500000
4500000
1
3
6
10
15
21
28
36
45
55
499990500045
499990500046
499990500048
499990500051
499990500055
499990500060
499990500066
499990500073
499990500081
499990500090
1
3
6
10
15
21
28
36
45
55
499991500036
499991500036
499991500037
499991500039
499991500042
499991500046
499991500051
499991500057
499991500064
499991500072
1
3
6
10
15
21
28
36
45
55
499991500036
499992500028
499992500028
499992500029
499992500031
499992500034
499992500038
499992500043
499992500049
499992500056
1
3
6
10
15
21
28
36
45
55
499991500036
499992500028
499993500021
499993500021
499993500022
499993500024
499993500027
499993500031
499993500036
499993500042
1
3
6
10
15
21
28
36
45
55
499991500036
499992500028
499993500021
499994500015
499994500015
499994500016
499994500018
499994500021
499994500025
499994500030
1
3
6
10
15
21
28
36
45
55
499991500036
499992500028
499993500021
499994500015
499995500010
499995500010
499995500011
499995500013
499995500016
499995500020
1
3
6
10
15
21
28
36
45
55
499991500036
499992500028
499993500021
499994500015
499995500010
499996500006
499996500006
499996500007
499996500009
499996500012
1
3
6
10
15
21
28
36
45
55
499991500036
499992500028
499993500021
499994500015
499995500010
499996500006
499997500003
499997500003
499997500004
499997500006
1
3
6
10
15
21
28
36
45
55
499991500036
499992500028
499993500021
499994500015
499995500010
499996500006
499997500003
499998500001
499998500001
499998500002
1
3
6
10
15
21
28
36
45
55
499991500036
499992500028
499993500021
499994500015
499995500010
499996500006
499997500003
499998500001
499999500000
499999500000
0
0
0
0
0
0
0
0
0
0
0
0
0
0
0
0
0
0
0
0
0
0
0
0
0
0
0
0
0
0
0
0
0
0
0
0
0
0
0
0
2
3
3
5
6
6
8
9
9
11
999992
999993
999993
999995
999996
999996
999998
999999
999999
1000001
2
2
4
4
6
6
8
8
10
10
999992
999992
999994
999994
999996
999996
999998
999998
1000000
1000000
2
6
7
10
10
12
16
17
20
20
1999982
1999986
1999987
1999990
1999990
1999992
1999996
1999997
2000000
2000000
2
6
6
8
12
12
14
18
18
20
1999982
1999986
1999986
1999988
1999992
1999992
1999994
1999998
1999998
2000000
2
6
12
13
16
21
21
23
27
33
2999976
2999976
2999978
2999982
2999988
2999989
2999992
2999997
2999997
2999999
2
6
12
12
14
18
24
24
26
30
2999976
2999976
2999978
2999982
2999988
2999988
2999990
2999994
3000000
3000000
2
6
12
20
21
24
29
36
36
38
3999962
3999966
3999972
3999980
3999981
3999984
3999989
3999996
3999996
3999998
2
6
12
20
20
22
26
32
40
40
3999962
3999966
3999972
3999980
3999980
3999982
3999986
3999992
4000000
4000000
2
6
12
20
30
42
56
72
90
110
499990500045
499990500047
499990500051
499990500057
499990500065
499990500075
499990500087
499990500101
499990500117
499990500135
2
6
12
20
30
42
56
72
90
110
499991000040
499991000040
499991000042
499991000046
499991000052
499991000060
499991000070
499991000082
499991000096
499991000112
2
6
12
20
30
42
56
72
90
110
499991500037
499992500028
499992500028
499992500030
499992500034
499992500040
499992500048
499992500058
499992500070
499992500084
2
6
12
20
30
42
56
72
90
110
499991000042
499992000032
499993000024
499993000024
499993000026
499993000030
499993000036
499993000044
499993000054
499993000066
2
6
12
20
30
42
56
72
90
110
499991500042
499992500031
499993500022
499994500015
499994500015
499994500017
499994500021
499994500027
499994500035
499994500045
2
6
12
20
30
42
56
72
90
110
499991000048
499992000036
499993000026
499994000018
499995000012
499995000012
499995000014
499995000018
499995000024
499995000032
2
6
12
20
30
42
56
72
90
110
499991500051
499992500038
499993500027
499994500018
499995500011
499996500006
499996500006
499996500008
499996500012
499996500018
2
6
12
20
30
42
56
72
90
110
499991000058
499992000044
499993000032
499994000022
499995000014
499996000008
499997000004
499997000004
499997000006
499997000010
2
6
12
20
30
42
56
72
90
110
499991500064
499992500049
499993500036
499994500025
499995500016
499996500009
499997500004
499998500001
499998500001
499998500003
2
6
12
20
30
42
56
72
90
110
499991000072
499992000056
499993000042
499994000030
499995000020
499996000012
499997000006
499998000002
499999000000
499999000000
0
0
0
0
0
0
0
0
0
0
0
0
0
0
0
0
0
0
0
0
1
1
2
2
3
3
4
4
5
5
499996
499996
499997
499997
499998
499998
499999
499999
500000
500000
0
0
0
0
0
0
0
0
0
0
0
0
0
0
0
0
0
0
0
0
3
5
6
6
9
11
12
12
15
17
1499988
1499988
1499991
1499993
1499994
1499994
1499997
1499999
1500000
1500000
3
4
8
10
10
13
14
18
20
20
1999983
1999984
1999988
1999990
1999990
1999993
1999994
1999998
2000000
2000000
3
3
6
6
9
9
12
12
15
15
1499988
1499988
1499991
1499991
1499994
1499994
1499997
1499997
1500000
1500000
3
9
11
16
17
21
21
24
30
32
2999976
2999976
2999979
2999985
2999987
2999992
2999993
2999997
2999997
3000000
3
9
10
14
21
23
28
28
31
37
3499972
3499972
3499975
3499981
3499982
3499986
3499993
3499995
3500000
3500000
3
9
9
12
18
18
21
27
27
30
2999973
2999979
2999979
2999982
2999988
2999988
2999991
2999997
2999997
3000000
3
9
18
20
25
33
34
38
45
45
4499958
4499964
4499973
4499975
4499980
4499988
4499989
4499993
4500000
4500000
3
9
18
30
45
63
84
108
135
165
499990500045
499990500048
499990500054
499990500063
499990500075
499990500090
499990500108
499990500129
499990500153
499990500180
3
9
18
30
45
63
84
108
135
165
499991500036
499991500036
499991500039
499991500045
499991500054
499991500066
499991500081
499991500099
499991500120
499991500144
3
9
18
30
45
63
84
108
135
165
499990500045
499991500035
499991500035
499991500038
499991500044
499991500053
499991500065
499991500080
499991500098
499991500119
3
9
18
30
45
63
84
108
135
165
499991500042
499992500030
499993500021
499993500021
499993500024
499993500030
499993500039
499993500051
499993500066
499993500084
3
9
18
30
45
63
84
108
135
165
499991500048
499992500034
499993500023
499994500015
499994500015
499994500018
499994500024
499994500033
499994500045
499994500060
3
9
18
30
45
63
84
108
135
165
499990500060
499991500044
499992500031
499993500021
499994500014
499994500014
499994500017
499994500023
499994500032
499994500044
3
9
18
30
45
63
84
108
135
165
499991500066
499992500048
499993500033
499994500021
499995500012
499996500006
499996500006
499996500009
499996500015
499996500024
3
9
18
30
45
63
84
108
135
165
499991500078
499992500058
499993500041
499994500027
499995500016
499996500008
499997500003
499997500003
499997500006
499997500012
3
9
18
30
45
63
84
108
135
165
499990500093
499991500071
499992500052
499993500036
499994500023
499995500013
499996500006
499997500002
499997500002
499997500005
3
9
18
30
45
63
84
108
135
165
499991500108
499992500084
499993500063
499994500045
499995500030
499996500018
499997500009
499998500003
499999500000
499999500000
0
0
0
0
0
0
0
0
0
0
0
0
0
0
0
0
0
0
0
0
0
0
0
0
0
0
0
0
0
0
0
0
0
0
0
0
0
0
0
0
1
3
3
4
6
6
7
9
9
10
999991
999993
999993
999994
999996
999996
999997
999999
999999
1000000
0
0
0
0
0
0
0
0
0
0
0
0
0
0
0
0
0
0
0
0
4
7
9
10
10
14
17
19
20
20
1999984
1999987
1999989
1999990
1999990
1999994
1999997
1999999
2000000
2000000
4
6
6
10
12
12
16
18
18
22
1999984
1999986
1999986
1999990
1999992
1999992
1999996
1999998
1999998
2000002
4
5
10
12
18
21
21
25
26
31
2999976
2999976
2999980
2999981
2999986
2999988
2999994
2999997
2999997
3000001
4
4
8
8
12
12
16
16
20
20
1999984
1999984
1999988
1999988
1999992
1999992
1999996
1999996
2000000
2000000
4
12
15
22
24
30
31
36
36
40
3999964
3999972
3999975
3999982
3999984
3999990
3999991
3999996
3999996
4000000
4
12
14
20
20
24
32
34
40
40
3999964
3999972
3999974
3999980
3999980
3999984
3999992
3999994
4000000
4000000
4
12
24
40
60
84
112
144
180
220
499990500045
499990500049
499990500057
499990500069
499990500085
499990500105
499990500129
499990500157
499990500189
499990500225
4
12
24
40
60
84
112
144
180
220
499990000048
499990000048
499990000052
499990000060
499990000072
499990000088
499990000108
499990000132
499990000160
499990000192
4
12
24
40
60
84
112
144
180
220
499991500039
499992500028
499992500028
499992500032
499992500040
499992500052
499992500068
499992500088
499992500112
499992500140
4
12
24
40
60
84
112
144
180
220
499991000048
499992000034
499993000024
499993000024
499993000028
499993000036
499993000048
499993000064
499993000084
499993000108
4
12
24
40
60
84
112
144
180
220
499991500054
499992500037
499993500024
499994500015
499994500015
499994500019
499994500027
499994500039
499994500055
499994500075
4
12
24
40
60
84
112
144
180
220
499990000072
499991000052
499992000036
499993000024
499994000016
499994000016
499994000020
499994000028
499994000040
499994000056
4
12
24
40
60
84
112
144
180
220
499991500081
499992500058
499993500039
499994500024
499995500013
499996500006
499996500006
499996500010
499996500018
499996500030
4
12
24
40
60
84
112
144
180
220
499991000100
499992000074
499993000052
499994000034
499995000020
499996000010
499997000004
499997000004
499997000008
499997000016
4
12
24
40
60
84
112
144
180
220
499991500120
499992500091
499993500066
499994500045
499995500028
499996500015
499997500006
499998500001
499998500001
499998500005
4
12
24
40
60
84
112
144
180
220
499990000144
499991000112
499992000084
499993000060
499994000040
499995000024
499996000012
499997000004
499998000000
499998000000
0
0
0
0
0
0
0
0
0
0
0
0
0
0
0
0
0
0
0
0
1
1
2
2
3
3
4
4
5
5
499996
499996
499997
499997
499998
499998
499999
499999
500000
500000
2
3
3
5
6
6
8
9
9
11
999992
999993
999993
999995
999996
999996
999998
999999
999999
1000001
1
3
6
6
7
9
12
12
13
15
1499988
1499988
1499989
1499991
1499994
1499994
1499995
1499997
1500000
1500000
0
0
0
0
0
0
0
0
0
0
0
0
0
0
0
0
0
0
0
0
5
9
12
14
15
15
20
24
27
29
2499980
2499984
2499987
2499989
2499990
2499990
2499995
2499999
2500002
2500004
5
8
9
15
19
21
21
26
29
30
2999976
2999976
2999981
2999984
2999985
2999991
2999995
2999997
2999997
3000002
5
7
14
18
19
25
28
28
33
35
3499972
3499972
3499977
3499979
3499986
3499990
3499991
3499997
3500000
3500000
5
6
12
14
21
24
32
36
36
41
3999965
3999966
3999972
3999974
3999981
3999984
3999992
3999996
3999996
4000001
5
5
10
10
15
15
20
20
25
25
2499980
2499980
2499985
2499985
2499990
2499990
2499995
2499995
2500000
2500000
5
15
30
50
75
105
140
180
225
275
499990500045
499990500050
499990500060
499990500075
499990500095
499990500120
499990500150
499990500185
499990500225
499990500270
5
15
30
50
75
105
140
180
225
275
499991500036
499991500036
499991500041
499991500051
499991500066
499991500086
499991500111
499991500141
499991500176
499991500216
5
15
30
50
75
105
140
180
225
275
499991500040
499992500028
499992500028
499992500033
499992500043
499992500058
499992500078
499992500103
499992500133
499992500168
5
15
30
50
75
105
140
180
225
275
499991500048
499992500032
499993500021
499993500021
499993500026
499993500036
499993500051
499993500071
499993500096
499993500126
5
15
30
50
75
105
140
180
225
275
499989500070
499990500050
499991500035
499992500025
499992500025
499992500030
499992500040
499992500055
499992500075
499992500100
5
15
30
50
75
105
140
180
225
275
499991500076
499992500052
499993500033
499994500019
499995500010
499995500010
499995500015
499995500025
499995500040
499995500060
5
15
30
50
75
105
140
180
225
275
499991500096
499992500068
499993500045
499994500027
499995500014
499996500006
499996500006
499996500011
499996500021
499996500036
5
15
30
50
75
105
140
180
225
275
499991500120
499992500088
499993500061
499994500039
499995500022
499996500010
499997500003
499997500003
499997500008
499997500018
5
15
30
50
75
105
140
180
225
275
499991500148
499992500112
499993500081
499994500055
499995500034
499996500018
499997500007
499998500001
499998500001
499998500006
5
15
30
50
75
105
140
180
225
275
499989500180
499990500140
499991500105
499992500075
499993500050
499994500030
499995500015
499996500005
499997500000
499997500000
0
0
0
0
0
0
0
0
0
0
0
0
0
0
0
0
0
0
0
0
0
0
0
0
0
0
0
0
0
0
0
0
0
0
0
0
0
0
0
0
0
0
0
0
0
0
0
0
0
0
0
0
0
0
0
0
0
0
0
0
2
2
4
4
6
6
8
8
10
10
999992
999992
999994
999994
999996
999996
999998
999998
1000000
1000000
1
3
6
10
10
11
13
16
20
20
1999981
1999983
1999986
1999990
1999990
1999991
1999993
1999996
2000000
2000000
0
0
0
0
0
0
0
0
0
0
0
0
0
0
0
0
0
0
0
0
6
11
15
18
20
21
21
27
32
36
2999976
2999976
2999982
2999987
2999991
2999994
2999996
2999997
2999997
3000003
6
10
12
12
18
22
24
24
30
34
2999976
2999976
2999982
2999986
2999988
2999988
2999994
2999998
3000000
3000000
6
9
9
15
18
18
24
27
27
33
2999976
2999979
2999979
2999985
2999988
2999988
2999994
2999997
2999997
3000003
6
8
16
20
20
26
28
36
40
40
3999966
3999968
3999976
3999980
3999980
3999986
3999988
3999996
4000000
4000000
6
18
36
60
90
126
168
216
270
330
499990500045
499990500051
499990500063
499990500081
499990500105
499990500135
499990500171
499990500213
499990500261
499990500315
6
18
36
60
90
126
168
216
270
330
499991000040
499991000040
499991000046
499991000058
499991000076
499991000100
499991000130
499991000166
499991000208
499991000256
6
18
36
60
90
126
168
216
270
330
499990500048
499991500035
499991500035
499991500041
499991500053
499991500071
499991500095
499991500125
499991500161
499991500203
6
18
36
60
90
126
168
216
270
330
499991000054
499992000036
499993000024
499993000024
499993000030
499993000042
499993000060
499993000084
499993000114
499993000150
6
18
36
60
90
126
168
216
270
330
499991500066
499992500043
499993500026
499994500015
499994500015
499994500021
499994500033
499994500051
499994500075
499994500105
6
18
36
60
90
126
168
216
270
330
499989000096
499990000068
499991000046
499992000030
499993000020
499993000020
499993000026
499993000038
499993000056
499993000080
6
18
36
60
90
126
168
216
270
330
499991500111
499992500078
499993500051
499994500030
499995500015
499996500006
499996500006
499996500012
499996500024
499996500042
6
18
36
60
90
126
168
216
270
330
499991000142
499992000104
499993000072
499994000046
499995000026
499996000012
499997000004
499997000004
499997000010
499997000022
6
18
36
60
90
126
168
216
270
330
499990500177
499991500134
499992500097
499993500066
499994500041
499995500022
499996500009
499997500002
499997500002
499997500008
6
18
36
60
90
126
168
216
270
330
499991000216
499992000168
499993000126
499994000090
499995000060
499996000036
499997000018
499998000006
499999000000
499999000000
0
0
0
0
0
0
0
0
0
0
0
0
0
0
0
0
0
0
0
0
1
1
2
2
3
3
4
4
5
5
499996
499996
499997
499997
499998
499998
499999
499999
500000
500000
1
3
3
4
6
6
7
9
9
10
999991
999993
999993
999994
999996
999996
999997
999999
999999
1000000
3
5
6
6
9
11
12
12
15
17
1499988
1499988
1499991
1499993
1499994
1499994
1499997
1499999
1500000
1500000
2
6
7
10
10
12
16
17
20
20
1999982
1999986
1999987
1999990
1999990
1999992
1999996
1999997
2000000
2000000
1
3
6
10
15
15
16
18
21
25
2499976
2499978
2499981
2499985
2499990
2499990
2499991
2499993
2499996
2500000
0
0
0
0
0
0
0
0
0
0
0
0
0
0
0
0
0
0
0
0
7
13
18
22
25
27
28
28
35
41
3499972
3499972
3499979
3499985
3499990
3499994
3499997
3499999
3500000
3500000
7
12
15
16
24
30
34
36
36
43
3999967
3999972
3999975
3999976
3999984
3999990
3999994
3999996
3999996
4000003
7
11
12
20
25
27
36
42
45
45
4499962
4499966
4499967
4499975
4499980
4499982
4499991
4499997
4500000
4500000
7
21
42
70
105
147
196
252
315
385
499990500045
499990500052
499990500066
499990500087
499990500115
499990500150
499990500192
499990500241
499990500297
499990500360
7
21
42
70
105
147
196
252
315
385
499988500060
499988500060
499988500067
499988500081
499988500102
499988500130
499988500165
499988500207
499988500256
499988500312
7
21
42
70
105
147
196
252
315
385
499991500042
499992500028
499992500028
499992500035
499992500049
499992500070
499992500098
499992500133
499992500175
499992500224
7
21
42
70
105
147
196
252
315
385
499991500054
499992500034
499993500021
499993500021
499993500028
499993500042
499993500063
499993500091
499993500126
499993500168
7
21
42
70
105
147
196
252
315
385
499991500072
499992500046
499993500027
499994500015
499994500015
499994500022
499994500036
499994500057
499994500085
499994500120
7
21
42
70
105
147
196
252
315
385
499991500096
499992500064
499993500039
499994500021
499995500010
499995500010
499995500017
499995500031
499995500052
499995500080
7
21
42
70
105
147
196
252
315
385
499991500126
499992500088
499993500057
499994500033
499995500016
499996500006
499996500006
499996500013
499996500027
499996500048
7
21
42
70
105
147
196
252
315
385
499991500162
499992500118
499993500081
499994500051
499995500028
499996500012
499997500003
499997500003
499997500010
499997500024
7
21
42
70
105
147
196
252
315
385
499988500207
499989500157
499990500114
499991500078
499992500049
499993500027
499994500012
499995500004
499995500004
499995500011
7
21
42
70
105
147
196
252
315
385
499991500252
499992500196
499993500147
499994500105
499995500070
499996500042
499997500021
499998500007
499999500000
499999500000
0
0
0
0
0
0
0
0
0
0
0
0
0
0
0
0
0
0
0
0
0
0
0
0
0
0
0
0
0
0
0
0
0
0
0
0
0
0
0
0
2
3
3
5
6
6
8
9
9
11
999992
999993
999993
999995
999996
999996
999998
999999
999999
1000001
0
0
0
0
0
0
0
0
0
0
0
0
0
0
0
0
0
0
0
0
3
4
8
10
10
13
14
18
20
20
1999983
1999984
1999988
1999990
1999990
1999993
1999994
1999998
2000000
2000000
2
6
6
8
12
12
14
18
18
20
1999982
1999986
1999986
1999988
1999992
1999992
1999994
1999998
1999998
2000000
1
3
6
10
15
21
21
22
24
27
2999976
2999976
2999977
2999979
2999982
2999986
2999991
2999997
2999997
2999998
0
0
0
0
0
0
0
0
0
0
0
0
0
0
0
0
0
0
0
0
8
15
21
26
30
33
35
36
36
44
3999968
3999975
3999981
3999986
3999990
3999993
3999995
3999996
3999996
4000004
8
14
18
20
20
28
34
38
40
40
3999968
3999974
3999978
3999980
3999980
3999988
3999994
3999998
4000000
4000000
8
24
48
80
120
168
224
288
360
440
499990500045
499990500053
499990500069
499990500093
499990500125
499990500165
499990500213
499990500269
499990500333
499990500405
8
24
48
80
120
168
224
288
360
440
499988000064
499988000064
499988000072
499988000088
499988000112
499988000144
499988000184
499988000232
499988000288
499988000352
8
24
48
80
120
168
224
288
360
440
499991500043
499992500028
499992500028
499992500036
499992500052
499992500076
499992500108
499992500148
499992500196
499992500252
8
24
48
80
120
168
224
288
360
440
499991000060
499992000038
499993000024
499993000024
499993000032
499993000048
499993000072
499993000104
499993000144
499993000192
8
24
48
80
120
168
224
288
360
440
499991500078
499992500049
499993500028
499994500015
499994500015
499994500023
499994500039
499994500063
499994500095
499994500135
8
24
48
80
120
168
224
288
360
440
499990000112
499991000076
499992000048
499993000028
499994000016
499994000016
499994000024
499994000040
499994000064
499994000096
8
24
48
80
120
168
224
288
360
440
499991500141
499992500098
499993500063
499994500036
499995500017
499996500006
499996500006
499996500014
499996500030
499996500054
8
24
48
80
120
168
224
288
360
440
499991000184
499992000134
499993000092
499994000058
499995000032
499996000014
499997000004
499997000004
499997000012
499997000028
8
24
48
80
120
168
224
288
360
440
499991500232
499992500175
499993500126
499994500085
499995500052
499996500027
499997500010
499998500001
499998500001
499998500009
8
24
48
80
120
168
224
288
360
440
499988000288
499989000224
499990000168
499991000120
499992000080
499993000048
499994000024
499995000008
499996000000
499996000000
0
0
0
0
0
0
0
0
0
0
0
0
0
0
0
0
0
0
0
0
1
1
2
2
3
3
4
4
5
5
499996
499996
499997
499997
499998
499998
499999
499999
500000
500000
0
0
0
0
0
0
0
0
0
0
0
0
0
0
0
0
0
0
0
0
1
3
6
6
7
9
12
12
13
15
1499988
1499988
1499989
1499991
1499994
1499994
1499995
1499997
1500000
1500000
4
7
9
10
10
14
17
19
20
20
1999984
1999987
1999989
1999990
1999990
1999994
1999997
1999999
2000000
2000000
3
3
6
6
9
9
12
12
15
15
1499988
1499988
1499991
1499991
1499994
1499994
1499997
1499997
1500000
1500000
2
6
12
13
16
21
21
23
27
33
2999976
2999976
2999978
2999982
2999988
2999989
2999992
2999997
2999997
2999999
1
3
6
10
15
21
28
28
29
31
3499972
3499972
3499973
3499975
3499978
3499982
3499987
3499993
3500000
3500000
0
0
0
0
0
0
0
0
0
0
0
0
0
0
0
0
0
0
0
0
9
17
24
30
35
39
42
44
45
45
4499964
4499972
4499979
4499985
4499990
4499994
4499997
4499999
4500000
4500000
9
27
54
90
135
189
252
324
405
495
499990500045
499990500054
499990500072
499990500099
499990500135
499990500180
499990500234
499990500297
499990500369
499990500450
9
27
54
90
135
189
252
324
405
495
499991500036
499991500036
499991500045
499991500063
499991500090
499991500126
499991500171
499991500225
499991500288
499991500360
9
27
54
90
135
189
252
324
405
495
499990500051
499991500035
499991500035
499991500044
499991500062
499991500089
499991500125
499991500170
499991500224
499991500287
9
27
54
90
135
189
252
324
405
495
499991500060
499992500036
499993500021
499993500021
499993500030
499993500048
499993500075
499993500111
499993500156
499993500210
9
27
54
90
135
189
252
324
405
495
499991500084
499992500052
499993500029
499994500015
499994500015
499994500024
499994500042
499994500069
499994500105
499994500150
9
27
54
90
135
189
252
324
405
495
499990500120
499991500080
499992500049
499993500027
499994500014
499994500014
499994500023
499994500041
499994500068
499994500104
9
27
54
90
135
189
252
324
405
495
499991500156
499992500108
499993500069
499994500039
499995500018
499996500006
499996500006
499996500015
499996500033
499996500060
9
27
54
90
135
189
252
324
405
495
499991500204
499992500148
499993500101
499994500063
499995500034
499996500014
499997500003
499997500003
499997500012
499997500030
9
27
54
90
135
189
252
324
405
495
499987500264
499988500200
499989500145
499990500099
499991500062
499992500034
499993500015
499994500005
499994500005
499994500014
9
27
54
90
135
189
252
324
405
495
499991500324
499992500252
499993500189
499994500135
499995500090
499996500054
499997500027
499998500009
499999500000
499999500000
0
0
0
0
0
0
0
0
0
0
0
0
0
0
0
0
0
0
0
0
0
0
0
0
0
0
0
0
0
0
0
0
0
0
0
0
0
0
0
0
1
3
3
4
6
6
7
9
9
10
999991
999993
999993
999994
999996
999996
999997
999999
999999
1000000
2
2
4
4
6
6
8
8
10
10
999992
999992
999994
999994
999996
999996
999998
999998
1000000
1000000
0
0
0
0
0
0
0
0
0
0
0
0
0
0
0
0
0
0
0
0
4
6
6
10
12
12
16
18
18
22
1999984
1999986
1999986
1999990
1999992
1999992
1999996
1999998
1999998
2000002
3
9
11
16
17
21
21
24
30
32
2999976
2999976
2999979
2999985
2999987
2999992
2999993
2999997
2999997
3000000
2
6
12
12
14
18
24
24
26
30
2999976
2999976
2999978
2999982
2999988
2999988
2999990
2999994
3000000
3000000
1
3
6
10
15
21
28
36
36
37
3999961
3999963
3999966
3999970
3999975
3999981
3999988
3999996
3999996
3999997
0
0
0
0
0
0
0
0
0
0
0
0
0
0
0
0
0
0
0
0
10
30
60
100
150
210
280
360
450
550
499990500045
499990500055
499990500075
499990500105
499990500145
499990500195
499990500255
499990500325
499990500405
499990500495
10
30
60
100
150
210
280
360
450
550
499991000040
499991000040
499991000050
499991000070
499991000100
499991000140
499991000190
499991000250
499991000320
499991000400
10
30
60
100
150
210
280
360
450
550
499991500045
499992500028
499992500028
499992500038
499992500058
499992500088
499992500128
499992500178
499992500238
499992500308
10
30
60
100
150
210
280
360
450
550
499991000066
499992000040
499993000024
499993000024
499993000034
499993000054
499993000084
499993000124
499993000174
499993000234
10
30
60
100
150
210
280
360
450
550
499989500100
499990500065
499991500040
499992500025
499992500025
499992500035
499992500055
499992500085
499992500125
499992500175
10
30
60
100
150
210
280
360
450
550
499991000128
499992000084
499993000050
499994000026
499995000012
499995000012
499995000022
499995000042
499995000072
499995000112
10
30
60
100
150
210
280
360
450
550
499991500171
499992500118
499993500075
499994500042
499995500019
499996500006
499996500006
499996500016
499996500036
499996500066
10
30
60
100
150
210
280
360
450
550
499991000226
499992000164
499993000112
499994000070
499995000038
499996000016
499997000004
499997000004
499997000014
499997000034
10
30
60
100
150
210
280
360
450
550
499991500288
499992500217
499993500156
499994500105
499995500064
499996500033
499997500012
499998500001
499998500001
499998500011
10
30
60
100
150
210
280
360
450
550
499987000360
499988000280
499989000210
499990000150
499991000100
499992000060
499993000030
499994000010
499995000000
499995000000
0
0
0
0
0
0
0
0
0
0
0
0
0
0
0
0
0
0
0
0
1
1
2
2
3
3
4
4
5
5
499996
499996
499997
499997
499998
499998
499999
499999
500000
500000
1
3
3
4
6
6
7
9
9
10
999991
999993
999993
999994
999996
999996
999997
999999
999999
1000000
3
5
6
6
9
11
12
12
15
17
1499988
1499988
1499991
1499993
1499994
1499994
1499997
1499999
1500000
1500000
1
3
6
10
10
11
13
16
20
20
1999981
1999983
1999986
1999990
1999990
1999991
1999993
1999996
2000000
2000000
1
3
6
10
15
15
16
18
21
25
2499976
2499978
2499981
2499985
2499990
2499990
2499991
2499993
2499996
2500000
6
11
15
18
20
21
21
27
32
36
2999976
2999976
2999982
2999987
2999991
2999994
2999996
2999997
2999997
3000003
7
13
18
22
25
27
28
28
35
41
3499972
3499972
3499979
3499985
3499990
3499994
3499997
3499999
3500000
3500000
1
3
6
10
15
21
28
36
36
37
3999961
3999963
3999966
3999970
3999975
3999981
3999988
3999996
3999996
3999997
1
3
6
10
15
21
28
36
45
45
4499956
4499958
4499961
4499965
4499970
4499976
4499983
4499991
4500000
4500000
0
0
0
0
0
0
0
0
0
0
0
0
0
0
0
0
0
0
0
0
999991
1999981
2999970
3999958
4999945
5999931
6999916
7999900
8999883
9999865
499991500036
499991500036
499992500027
499993500017
499994500006
499995499994
499996499981
499997499967
499998499952
499999499936
999991
1999980
2999967
3999952
4999935
5999916
6999895
7999872
8999847
9999820
499992500026
499992500028
499992500028
499993500019
499994500008
499995499995
499996499980
499997499963
499998499944
499999499923
999991
1999979
2999964
3999946
4999925
5999901
6999874
7999844
8999811
9999775
499993500012
499993500018
499993500021
499993500021
499994500012
499995500000
499996499985
499997499967
499998499946
499999499922
999991
1999978
2999961
3999940
4999915
5999886
6999853
7999816
8999775
9999730
499994499991
499994500003
499994500011
499994500015
499994500015
499995500006
499996499993
499997499976
499998499955
499999499930
999991
1999977
2999958
3999934
4999905
5999871
6999832
7999788
8999739
9999685
499995499960
499995499980
499995499995
499995500005
499995500010
499995500010
499996500001
499997499987
499998499968
499999499944
999991
1999976
2999955
3999928
4999895
5999856
6999811
7999760
8999703
9999640
499996499916
499996499946
499996499970
499996499988
499996500000
499996500006
499996500006
499997499997
499998499982
499999499961
999991
1999975
2999952
3999922
4999885
5999841
6999790
7999732
8999667
9999595
499997499856
499997499898
499997499933
499997499961
499997499982
499997499996
499997500003
499997500003
499998499994
499999499978
999991
1999974
2999949
3999916
4999875
5999826
6999769
7999704
8999631
9999550
499998499777
499998499833
499998499881
499998499921
499998499953
499998499977
499998499993
499998500001
499998500001
499999499992
999991
1999973
2999946
3999910
4999865
5999811
6999748
7999676
8999595
9999505
499999499676
499999499748
499999499811
499999499865
499999499910
499999499946
499999499973
499999499991
499999500000
499999500000
0
0
0
0
0
0
0
0
0
0
0
0
0
0
0
0
0
0
0
0
0
0
0
0
0
0
0
0
0
0
0
0
0
0
0
0
0
0
0
0
2
3
3
5
6
6
8
9
9
11
999992
999993
999993
999995
999996
999996
999998
999999
999999
1000001
0
0
0
0
0
0
0
0
0
0
0
0
0
0
0
0
0
0
0
0
2
6
7
10
10
12
16
17
20
20
1999982
1999986
1999987
1999990
1999990
1999992
1999996
1999997
2000000
2000000
2
6
6
8
12
12
14
18
18
20
1999982
1999986
1999986
1999988
1999992
1999992
1999994
1999998
1999998
2000000
0
0
0
0
0
0
0
0
0
0
0
0
0
0
0
0
0
0
0
0
0
0
0
0
0
0
0
0
0
0
0
0
0
0
0
0
0
0
0
0
2
6
12
20
21
24
29
36
36
38
3999962
3999966
3999972
3999980
3999981
3999984
3999989
3999996
3999996
3999998
2
6
12
20
20
22
26
32
40
40
3999962
3999966
3999972
3999980
3999980
3999982
3999986
3999992
4000000
4000000
1
3
6
10
15
21
28
36
45
55
499990500045
499990500046
499990500048
499990500051
499990500055
499990500060
499990500066
499990500073
499990500081
499990500090
0
0
0
0
0
0
0
0
0
0
0
0
0
0
0
0
0
0
0
0
999992
1999983
2999973
3999962
4999950
5999937
6999923
7999908
8999892
9999875
499992500027
499992500028
499992500028
499993500020
499994500011
499995500001
499996499990
499997499978
499998499965
499999499951
999992
1999982
2999970
3999956
4999940
5999922
6999902
7999880
8999856
9999830
499993000018
499993000022
499993000024
499993000024
499994000016
499995000006
499995999994
499996999980
499997999964
499998999946
999992
1999981
2999967
3999950
4999930
5999907
6999881
7999852
8999820
9999785
499994499997
499994500006
499994500012
499994500015
499994500015
499995500007
499996499996
499997499982
499998499965
499999499945
999992
1999980
2999964
3999944
4999920
5999892
6999860
7999824
8999784
9999740
499993999976
499993999992
499994000004
499994000012
499994000016
499994000016
499995000008
499995999996
499996999980
499997999960
999992
1999979
2999961
3999938
4999910
5999877
6999839
7999796
8999748
9999695
499996499931
499996499956
499996499976
499996499991
499996500001
499996500006
499996500006
499997499998
499998499985
499999499967
999992
1999978
2999958
3999932
4999900
5999862
6999818
7999768
8999712
9999650
499996999878
499996999914
499996999944
499996999968
499996999986
499996999998
499997000004
499997000004
499997999996
499998999982
999992
1999977
2999955
3999926
4999890
5999847
6999797
7999740
8999676
9999605
499995499808
499995499857
499995499899
499995499934
499995499962
499995499983
499995499997
499995500004
499995500004
499996499996
999992
1999976
2999952
3999920
4999880
5999832
6999776
7999712
8999640
9999560
499995999712
499995999776
499995999832
499995999880
499995999920
499995999952
499995999976
499995999992
499996000000
499996000000
0
0
0
0
0
0
0
0
0
0
0
0
0
0
0
0
0
0
0
0
1
1
2
2
3
3
4
4
5
5
499996
499996
499997
499997
499998
499998
499999
499999
500000
500000
0
0
0
0
0
0
0
0
0
0
0
0
0
0
0
0
0
0
0
0
1
3
6
6
7
9
12
12
13
15
1499988
1499988
1499989
1499991
1499994
1499994
1499995
1499997
1500000
1500000
3
4
8
10
10
13
14
18
20
20
1999983
1999984
1999988
1999990
1999990
1999993
1999994
1999998
2000000
2000000
3
3
6
6
9
9
12
12
15
15
1499988
1499988
1499991
1499991
1499994
1499994
1499997
1499997
1500000
1500000
1
3
6
10
15
21
21
22
24
27
2999976
2999976
2999977
2999979
2999982
2999986
2999991
2999997
2999997
2999998
1
3
6
10
15
21
28
28
29
31
3499972
3499972
3499973
3499975
3499978
3499982
3499987
3499993
3500000
3500000
3
9
9
12
18
18
21
27
27
30
2999973
2999979
2999979
2999982
2999988
2999988
2999991
2999997
2999997
3000000
3
9
18
20
25
33
34
38
45
45
4499958
4499964
4499973
4499975
4499980
4499988
4499989
4499993
4500000
4500000
2
6
12
20
30
42
56
72
90
110
499990500045
499990500047
499990500051
499990500057
499990500065
499990500075
499990500087
499990500101
499990500117
499990500135
1
3
6
10
15
21
28
36
45
55
499991500036
499991500036
499991500037
499991500039
499991500042
499991500046
499991500051
499991500057
499991500064
499991500072
0
0
0
0
0
0
0
0
0
0
0
0
0
0
0
0
0
0
0
0
999993
1999985
2999976
3999966
4999955
5999943
6999930
7999916
8999901
9999885
499993500018
499993500020
499993500021
499993500021
499994500014
499995500006
499996499997
499997499987
499998499976
499999499964
999993
1999984
2999973
3999960
4999945
5999928
6999909
7999888
8999865
9999840
499994500003
499994500009
499994500013
499994500015
499994500015
499995500008
499996499999
499997499988
499998499975
499999499960
999993
1999983
2999970
3999954
4999935
5999913
6999888
7999860
8999829
9999795
499994499984
499994499996
499994500005
499994500011
499994500014
499994500014
499995500007
499996499997
499997499984
499998499968
999993
1999982
2999967
3999948
4999925
5999898
6999867
7999832
8999793
9999750
499996499946
499996499966
499996499982
499996499994
499996500002
499996500006
499996500006
499997499999
499998499988
499999499973
999993
1999981
2999964
3999942
4999915
5999883
6999846
7999804
8999757
9999705
499997499898
499997499928
499997499953
499997499973
499997499988
499997499998
499997500003
499997500003
499998499996
499999499984
999993
1999980
2999961
3999936
4999905
5999868
6999825
7999776
8999721
9999660
499997499834
499997499876
499997499912
499997499942
499997499966
499997499984
499997499996
499997500002
499997500002
499998499995
999993
1999979
2999958
3999930
4999895
5999853
6999804
7999748
8999685
9999615
499999499748
499999499804
499999499853
499999499895
499999499930
499999499958
499999499979
499999499993
499999500000
499999500000
0
0
0
0
0
0
0
0
0
0
0
0
0
0
0
0
0
0
0
0
0
0
0
0
0
0
0
0
0
0
0
0
0
0
0
0
0
0
0
0
1
3
3
4
6
6
7
9
9
10
999991
999993
999993
999994
999996
999996
999997
999999
999999
1000000
2
2
4
4
6
6
8
8
10
10
999992
999992
999994
999994
999996
999996
999998
999998
1000000
1000000
4
7
9
10
10
14
17
19
20
20
1999984
1999987
1999989
1999990
1999990
1999994
1999997
1999999
2000000
2000000
4
6
6
10
12
12
16
18
18
22
1999984
1999986
1999986
1999990
1999992
1999992
1999996
1999998
1999998
2000002
2
6
12
13
16
21
21
23
27
33
2999976
2999976
2999978
2999982
2999988
2999989
2999992
2999997
2999997
2999999
2
6
12
12
14
18
24
24
26
30
2999976
2999976
2999978
2999982
2999988
2999988
2999990
2999994
3000000
3000000
4
12
15
22
24
30
31
36
36
40
3999964
3999972
3999975
3999982
3999984
3999990
3999991
3999996
3999996
4000000
4
12
14
20
20
24
32
34
40
40
3999964
3999972
3999974
3999980
3999980
3999984
3999992
3999994
4000000
4000000
3
9
18
30
45
63
84
108
135
165
499990500045
499990500048
499990500054
499990500063
499990500075
499990500090
499990500108
499990500129
499990500153
499990500180
2
6
12
20
30
42
56
72
90
110
499991000040
499991000040
499991000042
499991000046
499991000052
499991000060
499991000070
499991000082
499991000096
499991000112
1
3
6
10
15
21
28
36
45
55
499991500036
499992500028
499992500028
499992500029
499992500031
499992500034
499992500038
499992500043
499992500049
499992500056
0
0
0
0
0
0
0
0
0
0
0
0
0
0
0
0
0
0
0
0
999994
1999987
2999979
3999970
4999960
5999949
6999937
7999924
8999910
9999895
499994500009
499994500012
499994500014
499994500015
499994500015
499995500009
499996500002
499997499994
499998499985
499999499975
999994
1999986
2999976
3999964
4999950
5999934
6999916
7999896
8999874
9999850
499994999992
499995000000
499995000006
499995000010
499995000012
499995000012
499996000006
499996999998
499997999988
499998999976
999994
1999985
2999973
3999958
4999940
5999919
6999895
7999868
8999838
9999805
499996499961
499996499976
499996499988
499996499997
499996500003
499996500006
499996500006
499997500000
499998499991
499999499979
999994
1999984
2999970
3999952
4999930
5999904
6999874
7999840
8999802
9999760
499996999920
499996999944
499996999964
499996999980
499996999992
499997000000
499997000004
499997000004
499997999998
499998999988
999994
1999983
2999967
3999946
4999920
5999889
6999853
7999812
8999766
9999715
499998499861
499998499896
499998499926
499998499951
499998499971
499998499986
499998499996
499998500001
499998500001
499999499995
999994
1999982
2999964
3999940
4999910
5999874
6999832
7999784
8999730
9999670
499998999784
499998999832
499998999874
499998999910
499998999940
499998999964
499998999982
499998999994
499999000000
499999000000
0
0
0
0
0
0
0
0
0
0
0
0
0
0
0
0
0
0
0
0
1
1
2
2
3
3
4
4
5
5
499996
499996
499997
499997
499998
499998
499999
499999
500000
500000
2
3
3
5
6
6
8
9
9
11
999992
999993
999993
999995
999996
999996
999998
999999
999999
1000001
3
5
6
6
9
11
12
12
15
17
1499988
1499988
1499991
1499993
1499994
1499994
1499997
1499999
1500000
1500000
0
0
0
0
0
0
0
0
0
0
0
0
0
0
0
0
0
0
0
0
5
9
12
14
15
15
20
24
27
29
2499980
2499984
2499987
2499989
2499990
2499990
2499995
2499999
2500002
2500004
3
9
11
16
17
21
21
24
30
32
2999976
2999976
2999979
2999985
2999987
2999992
2999993
2999997
2999997
3000000
3
9
10
14
21
23
28
28
31
37
3499972
3499972
3499975
3499981
3499982
3499986
3499993
3499995
3500000
3500000
5
6
12
14
21
24
32
36
36
41
3999965
3999966
3999972
3999974
3999981
3999984
3999992
3999996
3999996
4000001
5
5
10
10
15
15
20
20
25
25
2499980
2499980
2499985
2499985
2499990
2499990
2499995
2499995
2500000
2500000
4
12
24
40
60
84
112
144
180
220
499990500045
499990500049
499990500057
499990500069
499990500085
499990500105
499990500129
499990500157
499990500189
499990500225
3
9
18
30
45
63
84
108
135
165
499991500036
499991500036
499991500039
499991500045
499991500054
499991500066
499991500081
499991500099
499991500120
499991500144
2
6
12
20
30
42
56
72
90
110
499991500037
499992500028
499992500028
499992500030
499992500034
499992500040
499992500048
499992500058
499992500070
499992500084
1
3
6
10
15
21
28
36
45
55
499991500036
499992500028
499993500021
499993500021
499993500022
499993500024
499993500027
499993500031
499993500036
499993500042
0
0
0
0
0
0
0
0
0
0
0
0
0
0
0
0
0
0
0
0
999995
1999989
2999982
3999974
4999965
5999955
6999944
7999932
8999919
9999905
499995500000
499995500004
499995500007
499995500009
499995500010
499995500010
499996500005
499997499999
499998499992
499999499984
999995
1999988
2999979
3999968
4999955
5999940
6999923
7999904
8999883
9999860
499996499976
499996499986
499996499994
499996500000
499996500004
499996500006
499996500006
499997500001
499998499994
499999499985
999995
1999987
2999976
3999962
4999945
5999925
6999902
7999876
8999847
9999815
499997499940
499997499958
499997499973
499997499985
499997499994
499997500000
499997500003
499997500003
499998499998
499999499990
999995
1999986
2999973
3999956
4999935
5999910
6999881
7999848
8999811
9999770
499998499889
499998499917
499998499941
499998499961
499998499977
499998499989
499998499997
499998500001
499998500001
499999499996
999995
1999985
2999970
3999950
4999925
5999895
6999860
7999820
8999775
9999725
499997499820
499997499860
499997499895
499997499925
499997499950
499997499970
499997499985
499997499995
499997500000
499997500000
0
0
0
0
0
0
0
0
0
0
0
0
0
0
0
0
0
0
0
0
0
0
0
0
0
0
0
0
0
0
0
0
0
0
0
0
0
0
0
0
0
0
0
0
0
0
0
0
0
0
0
0
0
0
0
0
0
0
0
0
0
0
0
0
0
0
0
0
0
0
0
0
0
0
0
0
0
0
0
0
1
3
6
10
10
11
13
16
20
20
1999981
1999983
1999986
1999990
1999990
1999991
1999993
1999996
2000000
2000000
0
0
0
0
0
0
0
0
0
0
0
0
0
0
0
0
0
0
0
0
4
5
10
12
18
21
21
25
26
31
2999976
2999976
2999980
2999981
2999986
2999988
2999994
2999997
2999997
3000001
4
4
8
8
12
12
16
16
20
20
1999984
1999984
1999988
1999988
1999992
1999992
1999996
1999996
2000000
2000000
6
9
9
15
18
18
24
27
27
33
2999976
2999979
2999979
2999985
2999988
2999988
2999994
2999997
2999997
3000003
6
8
16
20
20
26
28
36
40
40
3999966
3999968
3999976
3999980
3999980
3999986
3999988
3999996
4000000
4000000
5
15
30
50
75
105
140
180
225
275
499990500045
499990500050
499990500060
499990500075
499990500095
499990500120
499990500150
499990500185
499990500225
499990500270
4
12
24
40
60
84
112
144
180
220
499990000048
499990000048
499990000052
499990000060
499990000072
499990000088
499990000108
499990000132
499990000160
499990000192
3
9
18
30
45
63
84
108
135
165
499990500045
499991500035
499991500035
499991500038
499991500044
499991500053
499991500065
499991500080
499991500098
499991500119
2
6
12
20
30
42
56
72
90
110
499991000042
499992000032
499993000024
499993000024
499993000026
499993000030
499993000036
499993000044
499993000054
499993000066
1
3
6
10
15
21
28
36
45
55
499991500036
499992500028
499993500021
499994500015
499994500015
499994500016
499994500018
499994500021
499994500025
499994500030
0
0
0
0
0
0
0
0
0
0
0
0
0
0
0
0
0
0
0
0
999996
1999991
2999985
3999978
4999970
5999961
6999951
7999940
8999928
9999915
499996499991
499996499996
499996500000
499996500003
499996500005
499996500006
499996500006
499997500002
499998499997
499999499991
999996
1999990
2999982
3999972
4999960
5999946
6999930
7999912
8999892
9999870
499996999962
499996999974
499996999984
499996999992
499996999998
499997000002
499997000004
499997000004
499998000000
499998999994
999996
1999989
2999979
3999966
4999950
5999931
6999909
7999884
8999856
9999825
499997499918
499997499939
499997499957
499997499972
499997499984
499997499993
499997499999
499997500002
499997500002
499998499998
999996
1999988
2999976
3999960
4999940
5999916
6999888
7999856
8999820
9999780
499997999856
499997999888
499997999916
499997999940
499997999960
499997999976
499997999988
499997999996
499998000000
499998000000
0
0
0
0
0
0
0
0
0
0
0
0
0
0
0
0
0
0
0
0
1
1
2
2
3
3
4
4
5
5
499996
499996
499997
499997
499998
499998
499999
499999
500000
500000
1
3
3
4
6
6
7
9
9
10
999991
999993
999993
999994
999996
999996
999997
999999
999999
1000000
1
3
6
6
7
9
12
12
13
15
1499988
1499988
1499989
1499991
1499994
1499994
1499995
1499997
1500000
1500000
2
6
7
10
10
12
16
17
20
20
1999982
1999986
1999987
1999990
1999990
1999992
1999996
1999997
2000000
2000000
1
3
6
10
15
15
16
18
21
25
2499976
2499978
2499981
2499985
2499990
2499990
2499991
2499993
2499996
2500000
5
8
9
15
19
21
21
26
29
30
2999976
2999976
2999981
2999984
2999985
2999991
2999995
2999997
2999997
3000002
5
7
14
18
19
25
28
28
33
35
3499972
3499972
3499977
3499979
3499986
3499990
3499991
3499997
3500000
3500000
7
12
15
16
24
30
34
36
36
43
3999967
3999972
3999975
3999976
3999984
3999990
3999994
3999996
3999996
4000003
7
11
12
20
25
27
36
42
45
45
4499962
4499966
4499967
4499975
4499980
4499982
4499991
4499997
4500000
4500000
6
18
36
60
90
126
168
216
270
330
499990500045
499990500051
499990500063
499990500081
499990500105
499990500135
499990500171
499990500213
499990500261
499990500315
5
15
30
50
75
105
140
180
225
275
499991500036
499991500036
499991500041
499991500051
499991500066
499991500086
499991500111
499991500141
499991500176
499991500216
4
12
24
40
60
84
112
144
180
220
499991500039
499992500028
499992500028
499992500032
499992500040
499992500052
499992500068
499992500088
499992500112
499992500140
3
9
18
30
45
63
84
108
135
165
499991500042
499992500030
499993500021
499993500021
499993500024
499993500030
499993500039
499993500051
499993500066
499993500084
2
6
12
20
30
42
56
72
90
110
499991500042
499992500031
499993500022
499994500015
499994500015
499994500017
499994500021
499994500027
499994500035
499994500045
1
3
6
10
15
21
28
36
45
55
499991500036
499992500028
499993500021
499994500015
499995500010
499995500010
499995500011
499995500013
499995500016
499995500020
0
0
0
0
0
0
0
0
0
0
0
0
0
0
0
0
0
0
0
0
999997
1999993
2999988
3999982
4999975
5999967
6999958
7999948
8999937
9999925
499997499982
499997499988
499997499993
499997499997
499997500000
499997500002
499997500003
499997500003
499998500000
499999499996
999997
1999992
2999985
3999976
4999965
5999952
6999937
7999920
8999901
9999880
499998499945
499998499959
499998499971
499998499981
499998499989
499998499995
499998499999
499998500001
499998500001
499999499998
999997
1999991
2999982
3999970
4999955
5999937
6999916
7999892
8999865
9999835
499999499892
499999499916
499999499937
499999499955
499999499970
499999499982
499999499991
499999499997
499999500000
499999500000
0
0
0
0
0
0
0
0
0
0
0
0
0
0
0
0
0
0
0
0
0
0
0
0
0
0
0
0
0
0
0
0
0
0
0
0
0
0
0
0
2
3
3
5
6
6
8
9
9
11
999992
999993
999993
999995
999996
999996
999998
999999
999999
1000001
2
2
4
4
6
6
8
8
10
10
999992
999992
999994
999994
999996
999996
999998
999998
1000000
1000000
3
4
8
10
10
13
14
18
20
20
1999983
1999984
1999988
1999990
1999990
1999993
1999994
1999998
2000000
2000000
2
6
6
8
12
12
14
18
18
20
1999982
1999986
1999986
1999988
1999992
1999992
1999994
1999998
1999998
2000000
6
11
15
18
20
21
21
27
32
36
2999976
2999976
2999982
2999987
2999991
2999994
2999996
2999997
2999997
3000003
6
10
12
12
18
22
24
24
30
34
2999976
2999976
2999982
2999986
2999988
2999988
2999994
2999998
3000000
3000000
8
15
21
26
30
33
35
36
36
44
3999968
3999975
3999981
3999986
3999990
3999993
3999995
3999996
3999996
4000004
8
14
18
20
20
28
34
38
40
40
3999968
3999974
3999978
3999980
3999980
3999988
3999994
3999998
4000000
4000000
7
21
42
70
105
147
196
252
315
385
499990500045
499990500052
499990500066
499990500087
499990500115
499990500150
499990500192
499990500241
499990500297
499990500360
6
18
36
60
90
126
168
216
270
330
499991000040
499991000040
499991000046
499991000058
499991000076
499991000100
499991000130
499991000166
499991000208
499991000256
5
15
30
50
75
105
140
180
225
275
499991500040
499992500028
499992500028
499992500033
499992500043
499992500058
499992500078
499992500103
499992500133
499992500168
4
12
24
40
60
84
112
144
180
220
499991000048
499992000034
499993000024
499993000024
499993000028
499993000036
499993000048
499993000064
499993000084
499993000108
3
9
18
30
45
63
84
108
135
165
499991500048
499992500034
499993500023
499994500015
499994500015
499994500018
499994500024
499994500033
499994500045
499994500060
2
6
12
20
30
42
56
72
90
110
499991000048
499992000036
499993000026
499994000018
499995000012
499995000012
499995000014
499995000018
499995000024
499995000032
1
3
6
10
15
21
28
36
45
55
499991500036
499992500028
499993500021
499994500015
499995500010
499996500006
499996500006
499996500007
499996500009
499996500012
0
0
0
0
0
0
0
0
0
0
0
0
0
0
0
0
0
0
0
0
999998
1999995
2999991
3999986
4999980
5999973
6999965
7999956
8999946
9999935
499998499973
499998499980
499998499986
499998499991
499998499995
499998499998
499998500000
499998500001
499998500001
499999499999
999998
1999994
2999988
3999980
4999970
5999958
6999944
7999928
8999910
9999890
499998999928
499998999944
499998999958
499998999970
499998999980
499998999988
499998999994
499998999998
499999000000
499999000000
0
0
0
0
0
0
0
0
0
0
0
0
0
0
0
0
0
0
0
0
1
1
2
2
3
3
4
4
5
5
499996
499996
499997
499997
499998
499998
499999
499999
500000
500000
0
0
0
0
0
0
0
0
0
0
0
0
0
0
0
0
0
0
0
0
3
5
6
6
9
11
12
12
15
17
1499988
1499988
1499991
1499993
1499994
1499994
1499997
1499999
1500000
1500000
4
7
9
10
10
14
17
19
20
20
1999984
1999987
1999989
1999990
1999990
1999994
1999997
1999999
2000000
2000000
3
3
6
6
9
9
12
12
15
15
1499988
1499988
1499991
1499991
1499994
1499994
1499997
1499997
1500000
1500000
0
0
0
0
0
0
0
0
0
0
0
0
0
0
0
0
0
0
0
0
7
13
18
22
25
27
28
28
35
41
3499972
3499972
3499979
3499985
3499990
3499994
3499997
3499999
3500000
3500000
0
0
0
0
0
0
0
0
0
0
0
0
0
0
0
0
0
0
0
0
9
17
24
30
35
39
42
44
45
45
4499964
4499972
4499979
4499985
4499990
4499994
4499997
4499999
4500000
4500000
8
24
48
80
120
168
224
288
360
440
499990500045
499990500053
499990500069
499990500093
499990500125
499990500165
499990500213
499990500269
499990500333
499990500405
7
21
42
70
105
147
196
252
315
385
499988500060
499988500060
499988500067
499988500081
499988500102
499988500130
499988500165
499988500207
499988500256
499988500312
6
18
36
60
90
126
168
216
270
330
499990500048
499991500035
499991500035
499991500041
499991500053
499991500071
499991500095
499991500125
499991500161
499991500203
5
15
30
50
75
105
140
180
225
275
499991500048
499992500032
499993500021
499993500021
499993500026
499993500036
499993500051
499993500071
499993500096
499993500126
4
12
24
40
60
84
112
144
180
220
499991500054
499992500037
499993500024
499994500015
499994500015
499994500019
499994500027
499994500039
499994500055
499994500075
3
9
18
30
45
63
84
108
135
165
499990500060
499991500044
499992500031
499993500021
499994500014
499994500014
499994500017
499994500023
499994500032
499994500044
2
6
12
20
30
42
56
72
90
110
499991500051
499992500038
499993500027
499994500018
499995500011
499996500006
499996500006
499996500008
499996500012
499996500018
1
3
6
10
15
21
28
36
45
55
499991500036
499992500028
499993500021
499994500015
499995500010
499996500006
499997500003
499997500003
499997500004
499997500006
0
0
0
0
0
0
0
0
0
0
0
0
0
0
0
0
0
0
0
0
999999
1999997
2999994
3999990
4999985
5999979
6999972
7999964
8999955
9999945
499999499964
499999499972
499999499979
499999499985
499999499990
499999499994
499999499997
499999499999
499999500000
499999500000
0
0
0
0
0
0
0
0
0
0
0
0
0
0
0
0
0
0
0
0
0
0
0
0
0
0
0
0
0
0
0
0
0
0
0
0
0
0
0
0
1
3
3
4
6
6
7
9
9
10
999991
999993
999993
999994
999996
999996
999997
999999
999999
1000000
0
0
0
0
0
0
0
0
0
0
0
0
0
0
0
0
0
0
0
0
0
0
0
0
0
0
0
0
0
0
0
0
0
0
0
0
0
0
0
0
4
6
6
10
12
12
16
18
18
22
1999984
1999986
1999986
1999990
1999992
1999992
1999996
1999998
1999998
2000002
1
3
6
10
15
21
21
22
24
27
2999976
2999976
2999977
2999979
2999982
2999986
2999991
2999997
2999997
2999998
0
0
0
0
0
0
0
0
0
0
0
0
0
0
0
0
0
0
0
0
1
3
6
10
15
21
28
36
36
37
3999961
3999963
3999966
3999970
3999975
3999981
3999988
3999996
3999996
3999997
0
0
0
0
0
0
0
0
0
0
0
0
0
0
0
0
0
0
0
0
9
27
54
90
135
189
252
324
405
495
499990500045
499990500054
499990500072
499990500099
499990500135
499990500180
499990500234
499990500297
499990500369
499990500450
8
24
48
80
120
168
224
288
360
440
499988000064
499988000064
499988000072
499988000088
499988000112
499988000144
499988000184
499988000232
499988000288
499988000352
7
21
42
70
105
147
196
252
315
385
499991500042
499992500028
499992500028
499992500035
499992500049
499992500070
499992500098
499992500133
499992500175
499992500224
6
18
36
60
90
126
168
216
270
330
499991000054
499992000036
499993000024
499993000024
499993000030
499993000042
499993000060
499993000084
499993000114
499993000150
5
15
30
50
75
105
140
180
225
275
499989500070
499990500050
499991500035
499992500025
499992500025
499992500030
499992500040
499992500055
499992500075
499992500100
4
12
24
40
60
84
112
144
180
220
499990000072
499991000052
499992000036
499993000024
499994000016
499994000016
499994000020
499994000028
499994000040
499994000056
3
9
18
30
45
63
84
108
135
165
499991500066
499992500048
499993500033
499994500021
499995500012
499996500006
499996500006
499996500009
499996500015
499996500024
2
6
12
20
30
42
56
72
90
110
499991000058
499992000044
499993000032
499994000022
499995000014
499996000008
499997000004
499997000004
499997000006
499997000010
1
3
6
10
15
21
28
36
45
55
499991500036
499992500028
499993500021
499994500015
499995500010
499996500006
499997500003
499998500001
499998500001
499998500002
0
0
0
0
0
0
0
0
0
0
0
0
0
0
0
0
0
0
0
0
